1000 100438
1001 100624
1002 100769
1003 100887
1004 100991
1005 101087
1007 101253
1009 101405
1010 101474
1011 101537
1013 101661
1015 101778
1016 101834
1018 101937
1019 101986
1021 102083
1023 102179
1026 102311
1029 102435
1030 102476
1033 102594
1036 102704
1037 102739
1040 102843
1044 102981
1045 103015
1048 103112
1054 103298
1058 103416
1059 103444
1067 103665
1069 103720
1070 103747
1074 103851
1080 104003
1084 104100
1088 104196
1094 104334
1102 104514
1111 104707
1113 104749
1117 104832
1127 105032
1132 105128
1140 105280
1146 105391
1152 105501
1159 105625
1161 105660
1169 105798
1171 105832
1178 105950
1183 106032
1186 106081
1195 106225
1202 106336
1206 106398
1216 106550
1221 106625
1228 106729
1237 106860
1239 106888
1272 107343
1280 107453
1290 107584
1291 107597
1305 107777
1311 107852
1331 108100
1335 108149
1343 108245
1350 108328
1357 108410
1367 108527
1370 108562
1376 108631
1379 108665
1390 108789
1398 108879
1413 109044
1427 109195
1438 109312
1440 109333
1458 109519
1480 109746
1484 109787
1495 109897
1511 110055
1528 110220
1533 110268
1546 110392
1565 110571
1577 110681
1598 110873
1614 111017
1635 111203
1646 111299
1661 111429
1669 111498
1686 111642
1704 111793
1724 111958
1739 112081
1750 112170
1780 112410
1808 112630
1832 112815
1850 112952
1870 113103
1881 113185
1893 113274
1906 113370
1921 113479
1939 113609
1960 113760
1990 113972
1993 113993
2006 114082
2031 114253
2062 114465
2092 114670
2123 114875
2148 115039
2167 115162
2184 115271
2200 115373
2214 115462
2227 115544
2251 115694
2273 115831
2303 116015
2339 116233
2347 116281
2379 116472
2416 116690
2450 116887
2463 116962
2482 117071
2524 117309
2552 117466
2574 117588
2595 117704
2611 117792
2626 117874
2651 118010
2675 118139
2712 118336
2726 118410
2748 118526
2787 118730
2804 118818
2833 118967
2841 119008
2877 119191
2908 119347
2950 119557
2994 119774
3005 119828
3030 119950
3072 120153
3096 120268
3113 120349
3133 120444
3163 120586
3205 120782
3234 120917
3281 121133
3318 121302
3360 121491
3399 121666
3440 121848
3466 121963
3506 122138
3548 122320
3587 122488
3598 122535
3628 122663
3647 122744
3711 123013
3727 123080
3774 123275
3800 123382
3836 123530
3864 123644
3889 123745
3929 123906
3974 124087
3979 124107
4006 124214
4028 124301
4045 124368
4074 124482
4110 124623
4141 124743
4155 124797
4221 125051
4249 125158
4286 125298
4309 125385
4350 125539
4366 125599
4427 125826
4465 125966
4525 126186
4558 126306
4617 126519
4656 126659
4699 126812
4744 126971
4795 127151
4833 127284
4875 127430
4956 127709
5018 127921
5061 128067
5118 128259
5130 128299
5178 128458
5220 128597
5246 128683
5308 128888
5354 129040
5413 129231
5456 129370
5528 129601
5584 129779
5634 129937
5676 130069
5699 130141
5756 130319
5807 130477
5856 130628
5901 130766
5942 130891
5996 131055
6046 131206
6105 131383
6193 131645
6235 131769
6275 131887
6333 132057
6369 132162
6441 132371
6450 132397
6484 132495
6566 132730
6637 132932
6690 133082
6727 133186
6776 133323
6888 133635
6935 133765
6987 133908
7006 133960
7094 134200
7149 134349
7173 134414
7284 134712
7357 134906
7374 134951
7440 135125
7467 135196
7499 135280
7536 135377
7583 135500
7603 135552
7675 135739
7720 135855
7818 136106
7871 136241
7942 136421
7965 136479
8062 136723
8080 136768
8183 137024
8227 137133
8305 137325
8386 137524
8507 137818
8597 138035
8653 138169
8717 138322
8733 138360
8792 138500
8827 138583
8908 138774
8984 138952
9063 139136
9126 139282
9181 139409
9214 139485
9272 139618
9372 139846
9408 139928
9450 140023
9520 140181
9548 140244
9593 140345
9655 140484
9740 140673
9777 140755
9834 140881
9894 141013
9983 141208
10055 141365
10139 141547
10235 141754
10346 141992
10440 142192
10499 142317
10582 142492
10683 142704
10719 142779
10797 142941
10932 143221
11047 143457
11120 143606
11178 143724
11242 143854
11288 143947
11368 144108
11541 144454
11653 144676
11703 144775
11841 145046
11885 145132
11926 145212
11945 145249
12078 145507
12148 145642
12247 145832
12324 145979
12356 146040
12472 146260
12527 146364
12553 146413
12621 146541
12722 146730
12866 146998
12991 147229
13047 147332
13090 147411
13143 147508
13246 147696
13373 147926
13450 148065
13460 148083
13534 148216
13652 148427
13774 148644
13842 148764
13917 148896
13958 148968
14126 149262
14188 149370
14257 149490
14347 149646
14479 149873
14486 149885
14591 150064
14675 150207
14752 150338
14861 150522
14921 150623
14999 150754
15045 150831
15141 150991
15191 151074
15323 151293
15438 151482
15463 151523
15535 151641
15546 151659
15647 151824
15803 152077
15832 152124
15945 152306
16000 152394
16154 152640
16198 152710
16268 152821
16364 152973
16438 153090
16568 153294
16691 153486
16792 153643
16852 153736
16946 153881
17074 154078
17142 154182
17195 154263
17214 154292
17366 154523
17446 154644
17507 154736
17572 154834
17664 154972
17741 155087
17814 155196
17845 155242
17903 155328
17988 155454
18042 155534
18182 155740
18377 156025
18467 156156
18518 156230
18632 156395
18778 156605
18861 156724
18976 156888
19215 157227
19227 157244
19315 157368
19540 157683
19665 157857
19908 158193
20026 158355
20075 158422
20218 158617
20304 158734
20386 158845
20460 158945
20563 159084
20749 159333
20857 159477
20915 159554
20961 159615
21107 159808
21207 159940
21274 160028
21316 160083
21463 160275
21543 160379
21657 160527
21767 160669
21907 160849
21992 160958
22107 161105
22248 161284
22428 161512
22553 161669
22639 161777
22747 161912
22881 162079
23007 162235
23059 162299
23133 162390
23194 162465
23242 162524
23325 162626
23395 162712
23509 162851
23588 162947
23720 163107
23773 163171
23870 163288
23985 163426
24087 163548
24238 163728
24394 163913
24528 164071
24631 164192
24730 164308
24806 164397
24896 164502
25063 164696
25185 164837
25244 164905
25330 165004
25439 165129
25530 165233
25644 165363
25868 165617
25923 165679
26116 165896
26208 165999
26268 166066
26365 166174
26499 166323
26652 166492
26810 166666
26894 166758
27090 166972
27207 167099
27254 167150
27315 167216
27451 167363
27531 167449
27630 167555
27715 167646
27819 167757
27942 167888
28151 168109
28246 168209
28432 168404
28518 168494
28585 168564
28609 168589
28820 168808
28945 168937
29051 169046
29133 169130
29307 169308
29365 169367
29491 169495
29627 169633
29739 169746
29934 169942
30061 170069
30257 170264
30365 170371
30439 170444
30572 170575
30695 170696
30873 170870
30957 170952
31091 171082
31215 171202
31245 171231
31434 171413
31484 171461
31619 171590
31749 171714
31854 171814
32055 172004
32090 172037
32226 172165
32337 172269
32428 172354
32534 172453
32549 172467
32620 172533
32772 172674
32838 172735
32965 172852
33026 172908
33184 173053
33230 173095
33378 173230
33465 173309
33593 173425
33634 173462
33855 173661
33932 173730
34066 173850
34195 173965
34319 174075
34407 174153
34552 174281
34661 174377
34869 174559
34916 174600
35041 174709
35229 174872
35412 175030
35706 175282
35848 175403
35948 175488
36027 175555
36233 175729
36376 175849
36450 175911
36572 176013
36710 176128
36827 176225
36955 176331
37035 176397
37227 176555
37441 176730
37559 176826
37806 177026
37919 177117
38113 177273
38302 177424
38486 177570
38616 177673
38768 177793
38931 177921
39078 178036
39187 178121
39471 178341
39515 178375
39641 178472
39745 178552
39937 178699
39992 178741
40113 178833
40179 178883
40372 179029
40510 179133
40698 179274
40781 179336
40903 179427
41042 179530
41192 179641
41303 179723
41420 179809
41554 179907
41699 180013
41710 180021
41805 180090
41889 180151
42113 180313
42259 180418
42495 180587
42523 180607
42568 180639
42816 180815
42895 180871
42912 180883
43155 181054
43308 181161
43427 181244
43535 181319
43620 181378
43711 181441
43933 181594
44218 181789
44281 181832
44378 181898
44521 181995
44647 182080
44733 182138
44888 182242
45072 182365
45141 182411
45302 182518
45429 182602
45602 182716
45689 182773
45851 182879
45955 182947
46030 182996
46175 183090
46291 183165
46384 183225
46541 183326
46669 183408
46873 183538
47048 183649
47089 183675
47165 183723
47276 183793
47311 183815
47557 183969
47645 184024
47780 184108
47927 184199
48068 184286
48180 184355
48286 184420
48581 184600
48794 184729
48918 184804
49066 184893
49250 185003
49327 185049
49428 185109
49654 185243
49785 185320
49928 185404
50101 185505
50322 185634
50334 185641
50490 185731
50556 185769
50772 185893
50982 186013
51126 186095
51258 186170
51348 186221
51396 186248
51613 186370
51776 186461
51909 186535
51945 186555
52084 186632
52205 186699
52314 186759
52502 186862
52599 186915
52678 186958
52781 187014
53012 187139
53280 187283
53475 187387
53701 187507
53921 187623
54062 187697
54123 187729
54215 187777
54313 187828
54442 187895
54583 187968
54731 188044
54848 188104
55106 188236
55303 188336
55408 188389
55519 188445
55927 188649
56026 188698
56212 188790
56460 188912
56665 189012
56696 189027
56895 189123
57088 189216
57250 189294
57356 189345
57406 189369
57587 189455
57737 189526
57856 189582
57956 189629
58050 189673
58200 189743
58545 189903
58658 189955
58815 190027
58916 190073
59224 190213
59495 190335
59672 190414
59773 190459
59899 190515
59994 190557
60114 190610
60285 190685
60475 190768
60703 190867
60849 190930
60989 190990
61148 191058
61256 191104
61383 191158
61447 191185
61549 191228
61746 191311
61861 191359
62046 191436
62116 191465
62295 191539
62346 191560
62583 191657
62935 191800
63012 191831
63134 191880
63384 191980
63442 192003
63654 192087
63776 192135
64072 192251
64304 192341
64491 192413
64504 192418
64627 192465
64724 192502
64808 192534
64879 192561
65053 192627
65247 192700
65370 192746
65448 192775
65545 192811
65707 192871
65772 192895
65908 192945
66116 193021
66259 193073
66389 193120
66740 193246
66968 193327
67033 193350
67209 193412
67346 193460
67464 193501
67562 193535
67738 193596
67764 193605
67980 193679
68065 193708
68301 193788
68366 193810
68628 193898
68805 193957
68956 194007
69120 194061
69488 194181
69646 194232
69705 194251
69758 194268
69883 194308
70021 194352
70166 194398
70344 194454
70443 194485
70555 194520
70674 194557
70839 194608
71090 194685
71209 194721
71467 194799
71606 194841
71626 194847
71871 194920
72017 194963
72269 195037
72448 195089
72541 195116
72614 195137
72820 195196
72827 195198
73007 195249
73120 195281
73173 195296
73219 195309
73319 195337
73412 195363
73552 195402
73679 195437
73799 195470
73912 195501
73985 195521
74092 195550
74292 195604
74359 195622
74539 195670
74633 195695
74720 195718
74773 195732
74853 195753
75067 195809
75221 195849
75415 195899
75509 195923
75623 195952
75777 195991
75884 196018
75904 196023
76226 196103
76367 196138
76555 196184
76629 196202
76790 196241
77032 196299
77133 196323
77281 196358
77362 196377
77490 196407
77597 196432
77705 196457
77927 196508
77988 196522
78089 196545
78244 196580
78554 196649
78797 196703
79027 196753
79101 196769
79189 196788
79324 196817
79385 196830
79669 196890
79750 196907
79899 196938
80156 196991
80427 197046
80732 197107
80915 197143
81078 197175
81207 197200
81295 197217
81499 197256
81594 197274
81716 197297
81764 197306
81839 197320
81968 197344
82049 197359
82212 197389
82416 197426
82600 197459
82729 197482
82797 197494
82974 197525
83083 197544
83158 197557
83404 197599
83492 197614
83628 197637
83778 197662
83942 197689
84119 197718
84317 197750
84467 197774
84645 197802
84747 197818
84986 197855
85150 197880
85376 197914
85403 197918
85649 197954
85820 197979
85950 197998
85978 198002
86210 198035
86368 198057
86498 198075
86710 198104
86799 198116
86964 198138
87032 198147
87108 198157
87169 198165
87238 198174
87354 198189
87416 198197
87526 198211
87629 198224
87821 198248
87910 198259
88074 198279
88239 198299
88315 198308
88459 198325
88527 198333
88630 198345
88761 198360
88884 198374
88946 198381
89207 198410
89262 198416
89475 198439
89626 198455
89702 198463
89798 198473
89915 198485
90053 198499
90142 198508
90293 198523
90520 198545
90582 198551
90624 198555
90761 198568
90858 198577
90988 198589
91043 198594
91154 198604
91278 198615
91346 198621
91518 198636
91553 198639
91718 198653
91766 198657
91911 198669
92021 198678
92159 198689
92235 198695
92324 198702
92428 198710
92586 198722
92641 198726
93027 198754
93096 198759
93110 198760
93241 198769
93358 198777
93586 198792
93710 198800
93758 198803
93903 198812
94000 198818
94083 198823
94234 198832
94303 198836
94462 198845
94552 198850
94662 198856
94793 198863
94987 198873
95007 198874
95359 198891
95442 198895
95463 198896
95574 198901
95781 198910
95898 198915
96071 198922
96147 198925
96278 198930
96388 198934
96554 198940
96672 198944
96761 198947
96886 198951
96982 198954
97293 198963
97445 198967
97563 198970
97604 198971
97646 198972
97777 198975
97867 198977
97915 198978
98060 198981
98281 198985
98337 198986
98461 198988
98592 198990
98744 198992
98910 198994
99007 198995
99111 198996
99235 198997
99373 198998
99560 198999
100438 198999
100624 198998
100769 198997
100887 198996
100991 198995
101087 198994
101253 198992
101405 198990
101474 198989
101537 198988
101661 198986
101778 198984
101834 198983
101937 198981
101986 198980
102083 198978
102179 198976
102311 198973
102435 198970
102476 198969
102594 198966
102704 198963
102739 198962
102843 198959
102981 198955
103015 198954
103112 198951
103298 198945
103416 198941
103444 198940
103665 198932
103720 198930
103747 198929
103851 198925
104003 198919
104100 198915
104196 198911
104334 198905
104514 198897
104707 198888
104749 198886
104832 198882
105032 198872
105128 198867
105280 198859
105391 198853
105501 198847
105625 198840
105660 198838
105798 198830
105832 198828
105950 198821
106032 198816
106081 198813
106225 198804
106336 198797
106398 198793
106550 198783
106625 198778
106729 198771
106860 198762
106888 198760
107343 198727
107453 198719
107584 198709
107597 198708
107777 198694
107852 198688
108100 198668
108149 198664
108245 198656
108328 198649
108410 198642
108527 198632
108562 198629
108631 198623
108665 198620
108789 198609
108879 198601
109044 198586
109195 198572
109312 198561
109333 198559
109519 198541
109746 198519
109787 198515
109897 198504
110055 198488
110220 198471
110268 198466
110392 198453
110571 198434
110681 198422
110873 198401
111017 198385
111203 198364
111299 198353
111429 198338
111498 198330
111642 198313
111793 198295
111958 198275
112081 198260
112170 198249
112410 198219
112630 198191
112815 198167
112952 198149
113103 198129
113185 198118
113274 198106
113370 198093
113479 198078
113609 198060
113760 198039
113972 198009
113993 198006
114082 197993
114253 197968
114465 197937
114670 197907
114875 197876
115039 197851
115162 197832
115271 197815
115373 197799
115462 197785
115544 197772
115694 197748
115831 197726
116015 197696
116233 197660
116281 197652
116472 197620
116690 197583
116887 197549
116962 197536
117071 197517
117309 197475
117466 197447
117588 197425
117704 197404
117792 197388
117874 197373
118010 197348
118139 197324
118336 197287
118410 197273
118526 197251
118730 197212
118818 197195
118967 197166
119008 197158
119191 197122
119347 197091
119557 197049
119774 197005
119828 196994
119950 196969
120153 196927
120268 196903
120349 196886
120444 196866
120586 196836
120782 196794
120917 196765
121133 196718
121302 196681
121491 196639
121666 196600
121848 196559
121963 196533
122138 196493
122320 196451
122488 196412
122535 196401
122663 196371
122744 196352
123013 196288
123080 196272
123275 196225
123382 196199
123530 196163
123644 196135
123745 196110
123906 196070
124087 196025
124107 196020
124214 195993
124301 195971
124368 195954
124482 195925
124623 195889
124743 195858
124797 195844
125051 195778
125158 195750
125298 195713
125385 195690
125539 195649
125599 195633
125826 195572
125966 195534
126186 195474
126306 195441
126519 195382
126659 195343
126812 195300
126971 195255
127151 195204
127284 195166
127430 195124
127709 195043
127921 194981
128067 194938
128259 194881
128299 194869
128458 194821
128597 194779
128683 194753
128888 194691
129040 194645
129231 194586
129370 194543
129601 194471
129779 194415
129937 194365
130069 194323
130141 194300
130319 194243
130477 194192
130628 194143
130766 194098
130891 194057
131055 194003
131206 193953
131383 193894
131645 193806
131769 193764
131887 193724
132057 193666
132162 193630
132371 193558
132397 193549
132495 193515
132730 193433
132932 193362
133082 193309
133186 193272
133323 193223
133635 193111
133765 193064
133908 193012
133960 192993
134200 192905
134349 192850
134414 192826
134712 192715
134906 192642
134951 192625
135125 192559
135196 192532
135280 192500
135377 192463
135500 192416
135552 192396
135739 192324
135855 192279
136106 192181
136241 192128
136421 192057
136479 192034
136723 191937
136768 191919
137024 191816
137133 191772
137325 191694
137524 191613
137818 191492
138035 191402
138169 191346
138322 191282
138360 191266
138500 191207
138583 191172
138774 191091
138952 191015
139136 190936
139282 190873
139409 190818
139485 190785
139618 190727
139846 190627
139928 190591
140023 190549
140181 190479
140244 190451
140345 190406
140484 190344
140673 190259
140755 190222
140881 190165
141013 190105
141208 190016
141365 189944
141547 189860
141754 189764
141992 189653
142192 189559
142317 189500
142492 189417
142704 189316
142779 189280
142941 189202
143221 189067
143457 188952
143606 188879
143724 188821
143854 188757
143947 188711
144108 188631
144454 188458
144676 188346
144775 188296
145046 188158
145132 188114
145212 188073
145249 188054
145507 187921
145642 187851
145832 187752
145979 187675
146040 187643
146260 187527
146364 187472
146413 187446
146541 187378
146730 187277
146998 187133
147229 187008
147332 186952
147411 186909
147508 186856
147696 186753
147926 186626
148065 186549
148083 186539
148216 186465
148427 186347
148644 186225
148764 186157
148896 186082
148968 186041
149262 185873
149370 185811
149490 185742
149646 185652
149873 185520
149885 185513
150064 185408
150207 185324
150338 185247
150522 185138
150623 185078
150754 185000
150831 184954
150991 184858
151074 184808
151293 184676
151482 184561
151523 184536
151641 184464
151659 184453
151824 184352
152077 184196
152124 184167
152306 184054
152394 183999
152640 183845
152710 183801
152821 183731
152973 183635
153090 183561
153294 183431
153486 183308
153643 183207
153736 183147
153881 183053
154078 182925
154182 182857
154263 182804
154292 182785
154523 182633
154644 182553
154736 182492
154834 182427
154972 182335
155087 182258
155196 182185
155242 182154
155328 182096
155454 182011
155534 181957
155740 181817
156025 181622
156156 181532
156230 181481
156395 181367
156605 181221
156724 181138
156888 181023
157227 180784
157244 180772
157368 180684
157683 180459
157857 180334
158193 180091
158355 179973
158422 179924
158617 179781
158734 179695
158845 179613
158945 179539
159084 179436
159333 179250
159477 179142
159554 179084
159615 179038
159808 178892
159940 178792
160028 178725
160083 178683
160275 178536
160379 178456
160527 178342
160669 178232
160849 178092
160958 178007
161105 177892
161284 177751
161512 177571
161669 177446
161777 177360
161912 177252
162079 177118
162235 176992
162299 176940
162390 176866
162465 176805
162524 176757
162626 176674
162712 176604
162851 176490
162947 176411
163107 176279
163171 176226
163288 176129
163426 176014
163548 175912
163728 175761
163913 175605
164071 175471
164192 175368
164308 175269
164397 175193
164502 175103
164696 174936
164837 174814
164905 174755
165004 174669
165129 174560
165233 174469
165363 174355
165617 174131
165679 174076
165896 173883
165999 173791
166066 173731
166174 173634
166323 173500
166492 173347
166666 173189
166758 173105
166972 172909
167099 172792
167150 172745
167216 172684
167363 172548
167449 172468
167555 172369
167646 172284
167757 172180
167888 172057
168109 171848
168209 171753
168404 171567
168494 171481
168564 171414
168589 171390
168808 171179
168937 171054
169046 170948
169130 170866
169308 170692
169367 170634
169495 170508
169633 170372
169746 170260
169942 170065
170069 169938
170264 169742
170371 169634
170444 169560
170575 169427
170696 169304
170870 169126
170952 169042
171082 168908
171202 168784
171231 168754
171413 168565
171461 168515
171590 168380
171714 168250
171814 168145
172004 167944
172037 167909
172165 167773
172269 167662
172354 167571
172453 167465
172467 167450
172533 167379
172674 167227
172735 167161
172852 167034
172908 166973
173053 166815
173095 166769
173230 166621
173309 166534
173425 166406
173462 166365
173661 166144
173730 166067
173850 165933
173965 165804
174075 165680
174153 165592
174281 165447
174377 165338
174559 165130
174600 165083
174709 164958
174872 164770
175030 164587
175282 164293
175403 164151
175488 164051
175555 163972
175729 163766
175849 163623
175911 163549
176013 163427
176128 163289
176225 163172
176331 163044
176397 162964
176555 162772
176730 162558
176826 162440
177026 162193
177117 162080
177273 161886
177424 161697
177570 161513
177673 161383
177793 161231
177921 161068
178036 160921
178121 160812
178341 160528
178375 160484
178472 160358
178552 160254
178699 160062
178741 160007
178833 159886
178883 159820
179029 159627
179133 159489
179274 159301
179336 159218
179427 159096
179530 158957
179641 158807
179723 158696
179809 158579
179907 158445
180013 158300
180021 158289
180090 158194
180151 158110
180313 157886
180418 157740
180587 157504
180607 157476
180639 157431
180815 157183
180871 157104
180883 157087
181054 156844
181161 156691
181244 156572
181319 156464
181378 156379
181441 156288
181594 156066
181789 155781
181832 155718
181898 155621
181995 155478
182080 155352
182138 155266
182242 155111
182365 154927
182411 154858
182518 154697
182602 154570
182716 154397
182773 154310
182879 154148
182947 154044
182996 153969
183090 153824
183165 153708
183225 153615
183326 153458
183408 153330
183538 153126
183649 152951
183675 152910
183723 152834
183793 152723
183815 152688
183969 152442
184024 152354
184108 152219
184199 152072
184286 151931
184355 151819
184420 151713
184600 151418
184729 151205
184804 151081
184893 150933
185003 150749
185049 150672
185109 150571
185243 150345
185320 150214
185404 150071
185505 149898
185634 149677
185641 149665
185731 149509
185769 149443
185893 149227
186013 149017
186095 148873
186170 148741
186221 148651
186248 148603
186370 148386
186461 148223
186535 148090
186555 148054
186632 147915
186699 147794
186759 147685
186862 147497
186915 147400
186958 147321
187014 147218
187139 146987
187283 146719
187387 146524
187507 146298
187623 146078
187697 145937
187729 145876
187777 145784
187828 145686
187895 145557
187968 145416
188044 145268
188104 145151
188236 144893
188336 144696
188389 144591
188445 144480
188649 144072
188698 143973
188790 143787
188912 143539
189012 143334
189027 143303
189123 143104
189216 142911
189294 142749
189345 142643
189369 142593
189455 142412
189526 142262
189582 142143
189629 142043
189673 141949
189743 141799
189903 141454
189955 141341
190027 141184
190073 141083
190213 140775
190335 140504
190414 140327
190459 140226
190515 140100
190557 140005
190610 139885
190685 139714
190768 139524
190867 139296
190930 139150
190990 139010
191058 138851
191104 138743
191158 138616
191185 138552
191228 138450
191311 138253
191359 138138
191436 137953
191465 137883
191539 137704
191560 137653
191657 137416
191800 137064
191831 136987
191880 136865
191980 136615
192003 136557
192087 136345
192135 136223
192251 135927
192341 135695
192413 135508
192418 135495
192465 135372
192502 135275
192534 135191
192561 135120
192627 134946
192700 134752
192746 134629
192775 134551
192811 134454
192871 134292
192895 134227
192945 134091
193021 133883
193073 133740
193120 133610
193246 133259
193327 133031
193350 132966
193412 132790
193460 132653
193501 132535
193535 132437
193596 132261
193605 132235
193679 132019
193708 131934
193788 131698
193810 131633
193898 131371
193957 131194
194007 131043
194061 130879
194181 130511
194232 130353
194251 130294
194268 130241
194308 130116
194352 129978
194398 129833
194454 129655
194485 129556
194520 129444
194557 129325
194608 129160
194685 128909
194721 128790
194799 128532
194841 128393
194847 128373
194920 128128
194963 127982
195037 127730
195089 127551
195116 127458
195137 127385
195196 127179
195198 127172
195249 126992
195281 126879
195296 126826
195309 126780
195337 126680
195363 126587
195402 126447
195437 126320
195470 126200
195501 126087
195521 126014
195550 125907
195604 125707
195622 125640
195670 125460
195695 125366
195718 125279
195732 125226
195753 125146
195809 124932
195849 124778
195899 124584
195923 124490
195952 124376
195991 124222
196018 124115
196023 124095
196103 123773
196138 123632
196184 123444
196202 123370
196241 123209
196299 122967
196323 122866
196358 122718
196377 122637
196407 122509
196432 122402
196457 122294
196508 122072
196522 122011
196545 121910
196580 121755
196649 121445
196703 121202
196753 120972
196769 120898
196788 120810
196817 120675
196830 120614
196890 120330
196907 120249
196938 120100
196991 119843
197046 119572
197107 119267
197143 119084
197175 118921
197200 118792
197217 118704
197256 118500
197274 118405
197297 118283
197306 118235
197320 118160
197344 118031
197359 117950
197389 117787
197426 117583
197459 117399
197482 117270
197494 117202
197525 117025
197544 116916
197557 116841
197599 116595
197614 116507
197637 116371
197662 116221
197689 116057
197718 115880
197750 115682
197774 115532
197802 115354
197818 115252
197855 115013
197880 114849
197914 114623
197918 114596
197954 114350
197979 114179
197998 114049
198002 114021
198035 113789
198057 113631
198075 113501
198104 113289
198116 113200
198138 113035
198147 112967
198157 112891
198165 112830
198174 112761
198189 112645
198197 112583
198211 112473
198224 112370
198248 112178
198259 112089
198279 111925
198299 111760
198308 111684
198325 111540
198333 111472
198345 111369
198360 111238
198374 111115
198381 111053
198410 110792
198416 110737
198439 110524
198455 110373
198463 110297
198473 110201
198485 110084
198499 109946
198508 109857
198523 109706
198545 109479
198551 109417
198555 109375
198568 109238
198577 109141
198589 109011
198594 108956
198604 108845
198615 108721
198621 108653
198636 108481
198639 108446
198653 108281
198657 108233
198669 108088
198678 107978
198689 107840
198695 107764
198702 107675
198710 107571
198722 107413
198726 107358
198754 106972
198759 106903
198760 106889
198769 106758
198777 106641
198792 106413
198800 106289
198803 106241
198812 106096
198818 105999
198823 105916
198832 105765
198836 105696
198845 105537
198850 105447
198856 105337
198863 105206
198873 105012
198874 104992
198891 104640
198895 104557
198896 104536
198901 104425
198910 104218
198915 104101
198922 103928
198925 103852
198930 103721
198934 103611
198940 103445
198944 103327
198947 103238
198951 103113
198954 103017
198963 102706
198967 102554
198970 102436
198971 102395
198972 102353
198975 102222
198977 102132
198978 102084
198981 101939
198985 101718
198986 101662
198988 101538
198990 101407
198992 101255
198994 101089
198995 100992
198996 100888
198997 100764
198998 100626
198999 100439
198999 99561
198998 99375
198997 99230
198996 99112
198995 99008
198994 98912
198992 98746
198990 98594
198989 98525
198988 98462
198986 98338
198984 98221
198983 98165
198981 98062
198980 98013
198978 97916
198976 97820
198973 97688
198970 97564
198969 97523
198966 97405
198963 97295
198962 97260
198959 97156
198955 97018
198954 96984
198951 96887
198945 96701
198941 96583
198940 96555
198932 96334
198930 96279
198929 96252
198925 96148
198919 95996
198915 95899
198911 95803
198905 95665
198897 95485
198888 95292
198886 95250
198882 95167
198872 94967
198867 94871
198859 94719
198853 94608
198847 94498
198840 94374
198838 94339
198830 94201
198828 94167
198821 94049
198816 93967
198813 93918
198804 93774
198797 93663
198793 93601
198783 93449
198778 93374
198771 93270
198762 93139
198760 93111
198727 92656
198719 92546
198709 92415
198708 92402
198694 92222
198688 92147
198668 91899
198664 91850
198656 91754
198649 91671
198642 91589
198632 91472
198629 91437
198623 91368
198620 91334
198609 91210
198601 91120
198586 90955
198572 90804
198561 90687
198559 90666
198541 90480
198519 90253
198515 90212
198504 90102
198488 89944
198471 89779
198466 89731
198453 89607
198434 89428
198422 89318
198401 89126
198385 88982
198364 88796
198353 88700
198338 88570
198330 88501
198313 88357
198295 88206
198275 88041
198260 87918
198249 87829
198219 87589
198191 87369
198167 87184
198149 87047
198129 86896
198118 86814
198106 86725
198093 86629
198078 86520
198060 86390
198039 86239
198009 86027
198006 86006
197993 85917
197968 85746
197937 85534
197907 85329
197876 85124
197851 84960
197832 84837
197815 84728
197799 84626
197785 84537
197772 84455
197748 84305
197726 84168
197696 83984
197660 83766
197652 83718
197620 83527
197583 83309
197549 83112
197536 83037
197517 82928
197475 82690
197447 82533
197425 82411
197404 82295
197388 82207
197373 82125
197348 81989
197324 81860
197287 81663
197273 81589
197251 81473
197212 81269
197195 81181
197166 81032
197158 80991
197122 80808
197091 80652
197049 80442
197005 80225
196994 80171
196969 80049
196927 79846
196903 79731
196886 79650
196866 79555
196836 79413
196794 79217
196765 79082
196718 78866
196681 78697
196639 78508
196600 78333
196559 78151
196533 78036
196493 77861
196451 77679
196412 77511
196401 77464
196371 77336
196352 77255
196288 76986
196272 76919
196225 76724
196199 76617
196163 76469
196135 76355
196110 76254
196070 76093
196025 75912
196020 75892
195993 75785
195971 75698
195954 75631
195925 75517
195889 75376
195858 75256
195844 75202
195778 74948
195750 74841
195713 74701
195690 74614
195649 74460
195633 74400
195572 74173
195534 74033
195474 73813
195441 73693
195382 73480
195343 73340
195300 73187
195255 73028
195204 72848
195166 72715
195124 72569
195043 72290
194981 72078
194938 71932
194881 71740
194869 71700
194821 71541
194779 71402
194753 71316
194691 71111
194645 70959
194586 70768
194543 70629
194471 70398
194415 70220
194365 70062
194323 69930
194300 69858
194243 69680
194192 69522
194143 69371
194098 69233
194057 69108
194003 68944
193953 68793
193894 68616
193806 68354
193764 68230
193724 68112
193666 67942
193630 67837
193558 67628
193549 67602
193515 67504
193433 67269
193362 67067
193309 66917
193272 66813
193223 66676
193111 66364
193064 66234
193012 66091
192993 66039
192905 65799
192850 65650
192826 65585
192715 65287
192642 65093
192625 65048
192559 64874
192532 64803
192500 64719
192463 64622
192416 64499
192396 64447
192324 64260
192279 64144
192181 63893
192128 63758
192057 63578
192034 63520
191937 63276
191919 63231
191816 62975
191772 62866
191694 62674
191613 62475
191492 62181
191402 61964
191346 61830
191282 61677
191266 61639
191207 61499
191172 61416
191091 61225
191015 61047
190936 60863
190873 60717
190818 60590
190785 60514
190727 60381
190627 60153
190591 60071
190549 59976
190479 59818
190451 59755
190406 59654
190344 59515
190259 59326
190222 59244
190165 59118
190105 58986
190016 58791
189944 58634
189860 58452
189764 58245
189653 58007
189559 57807
189500 57682
189417 57507
189316 57295
189280 57220
189202 57058
189067 56778
188952 56542
188879 56393
188821 56275
188757 56145
188711 56052
188631 55891
188458 55545
188346 55323
188296 55224
188158 54953
188114 54867
188073 54787
188054 54750
187921 54492
187851 54357
187752 54167
187675 54020
187643 53959
187527 53739
187472 53635
187446 53586
187378 53458
187277 53269
187133 53001
187008 52770
186952 52667
186909 52588
186856 52491
186753 52303
186626 52073
186549 51934
186539 51916
186465 51783
186347 51572
186225 51355
186157 51235
186082 51103
186041 51031
185873 50737
185811 50629
185742 50509
185652 50353
185520 50126
185513 50114
185408 49935
185324 49792
185247 49661
185138 49477
185078 49376
185000 49245
184954 49168
184858 49008
184808 48925
184676 48706
184561 48517
184536 48476
184464 48358
184453 48340
184352 48175
184196 47922
184167 47875
184054 47693
183999 47605
183845 47359
183801 47289
183731 47178
183635 47026
183561 46909
183431 46705
183308 46513
183207 46356
183147 46263
183053 46118
182925 45921
182857 45817
182804 45736
182785 45707
182633 45476
182553 45355
182492 45263
182427 45165
182335 45027
182258 44912
182185 44803
182154 44757
182096 44671
182011 44545
181957 44465
181817 44259
181622 43974
181532 43843
181481 43769
181367 43604
181221 43394
181138 43275
181023 43111
180784 42772
180772 42755
180684 42631
180459 42316
180334 42142
180091 41806
179973 41644
179924 41577
179781 41382
179695 41265
179613 41154
179539 41054
179436 40915
179250 40666
179142 40522
179084 40445
179038 40384
178892 40191
178792 40059
178725 39971
178683 39916
178536 39724
178456 39620
178342 39472
178232 39330
178092 39150
178007 39041
177892 38894
177751 38715
177571 38487
177446 38330
177360 38222
177252 38087
177118 37920
176992 37764
176940 37700
176866 37609
176805 37534
176757 37475
176674 37373
176604 37287
176490 37148
176411 37052
176279 36892
176226 36828
176129 36711
176014 36573
175912 36451
175761 36271
175605 36086
175471 35928
175368 35807
175269 35691
175193 35602
175103 35497
174936 35303
174814 35162
174755 35094
174669 34995
174560 34870
174469 34766
174355 34636
174131 34382
174076 34320
173883 34103
173791 34000
173731 33933
173634 33825
173500 33676
173347 33507
173189 33333
173105 33241
172909 33027
172792 32900
172745 32849
172684 32783
172548 32636
172468 32550
172369 32444
172284 32353
172180 32242
172057 32111
171848 31890
171753 31790
171567 31595
171481 31505
171414 31435
171390 31410
171179 31191
171054 31062
170948 30953
170866 30869
170692 30691
170634 30632
170508 30504
170372 30366
170260 30253
170065 30057
169938 29930
169742 29735
169634 29628
169560 29555
169427 29424
169304 29303
169126 29129
169042 29047
168908 28917
168784 28797
168754 28768
168565 28586
168515 28538
168380 28409
168250 28285
168145 28185
167944 27995
167909 27962
167773 27834
167662 27730
167571 27645
167465 27546
167450 27532
167379 27466
167227 27325
167161 27264
167034 27147
166973 27091
166815 26946
166769 26904
166621 26769
166534 26690
166406 26574
166365 26537
166144 26338
166067 26269
165933 26149
165804 26034
165680 25924
165592 25846
165447 25718
165338 25622
165130 25440
165083 25399
164958 25290
164770 25127
164587 24969
164293 24717
164151 24596
164051 24511
163972 24444
163766 24270
163623 24150
163549 24088
163427 23986
163289 23871
163172 23774
163044 23668
162964 23602
162772 23444
162558 23269
162440 23173
162193 22973
162080 22882
161886 22726
161697 22575
161513 22429
161383 22326
161231 22206
161068 22078
160921 21963
160812 21878
160528 21658
160484 21624
160358 21527
160254 21447
160062 21300
160007 21258
159886 21166
159820 21116
159627 20970
159489 20866
159301 20725
159218 20663
159096 20572
158957 20469
158807 20358
158696 20276
158579 20190
158445 20092
158300 19986
158289 19978
158194 19909
158110 19848
157886 19686
157740 19581
157504 19412
157476 19392
157431 19360
157183 19184
157104 19128
157087 19116
156844 18945
156691 18838
156572 18755
156464 18680
156379 18621
156288 18558
156066 18405
155781 18210
155718 18167
155621 18101
155478 18004
155352 17919
155266 17861
155111 17757
154927 17634
154858 17588
154697 17481
154570 17397
154397 17283
154310 17226
154148 17120
154044 17052
153969 17003
153824 16909
153708 16834
153615 16774
153458 16673
153330 16591
153126 16461
152951 16350
152910 16324
152834 16276
152723 16206
152688 16184
152442 16030
152354 15975
152219 15891
152072 15800
151931 15713
151819 15644
151713 15579
151418 15399
151205 15270
151081 15195
150933 15106
150749 14996
150672 14950
150571 14890
150345 14756
150214 14679
150071 14595
149898 14494
149677 14365
149665 14358
149509 14268
149443 14230
149227 14106
149017 13986
148873 13904
148741 13829
148651 13778
148603 13751
148386 13629
148223 13538
148090 13464
148054 13444
147915 13367
147794 13300
147685 13240
147497 13137
147400 13084
147321 13041
147218 12985
146987 12860
146719 12716
146524 12612
146298 12492
146078 12376
145937 12302
145876 12270
145784 12222
145686 12171
145557 12104
145416 12031
145268 11955
145151 11895
144893 11763
144696 11663
144591 11610
144480 11554
144072 11350
143973 11301
143787 11209
143539 11087
143334 10987
143303 10972
143104 10876
142911 10783
142749 10705
142643 10654
142593 10630
142412 10544
142262 10473
142143 10417
142043 10370
141949 10326
141799 10256
141454 10096
141341 10044
141184 9972
141083 9926
140775 9786
140504 9664
140327 9585
140226 9540
140100 9484
140005 9442
139885 9389
139714 9314
139524 9231
139296 9132
139150 9069
139010 9009
138851 8941
138743 8895
138616 8841
138552 8814
138450 8771
138253 8688
138138 8640
137953 8563
137883 8534
137704 8460
137653 8439
137416 8342
137064 8199
136987 8168
136865 8119
136615 8019
136557 7996
136345 7912
136223 7864
135927 7748
135695 7658
135508 7586
135495 7581
135372 7534
135275 7497
135191 7465
135120 7438
134946 7372
134752 7299
134629 7253
134551 7224
134454 7188
134292 7128
134227 7104
134091 7054
133883 6978
133740 6926
133610 6879
133259 6753
133031 6672
132966 6649
132790 6587
132653 6539
132535 6498
132437 6464
132261 6403
132235 6394
132019 6320
131934 6291
131698 6211
131633 6189
131371 6101
131194 6042
131043 5992
130879 5938
130511 5818
130353 5767
130294 5748
130241 5731
130116 5691
129978 5647
129833 5601
129655 5545
129556 5514
129444 5479
129325 5442
129160 5391
128909 5314
128790 5278
128532 5200
128393 5158
128373 5152
128128 5079
127982 5036
127730 4962
127551 4910
127458 4883
127385 4862
127179 4803
127172 4801
126992 4750
126879 4718
126826 4703
126780 4690
126680 4662
126587 4636
126447 4597
126320 4562
126200 4529
126087 4498
126014 4478
125907 4449
125707 4395
125640 4377
125460 4329
125366 4304
125279 4281
125226 4267
125146 4246
124932 4190
124778 4150
124584 4100
124490 4076
124376 4047
124222 4008
124115 3981
124095 3976
123773 3896
123632 3861
123444 3815
123370 3797
123209 3758
122967 3700
122866 3676
122718 3641
122637 3622
122509 3592
122402 3567
122294 3542
122072 3491
122011 3477
121910 3454
121755 3419
121445 3350
121202 3296
120972 3246
120898 3230
120810 3211
120675 3182
120614 3169
120330 3109
120249 3092
120100 3061
119843 3008
119572 2953
119267 2892
119084 2856
118921 2824
118792 2799
118704 2782
118500 2743
118405 2725
118283 2702
118235 2693
118160 2679
118031 2655
117950 2640
117787 2610
117583 2573
117399 2540
117270 2517
117202 2505
117025 2474
116916 2455
116841 2442
116595 2400
116507 2385
116371 2362
116221 2337
116057 2310
115880 2281
115682 2249
115532 2225
115354 2197
115252 2181
115013 2144
114849 2119
114623 2085
114596 2081
114350 2045
114179 2020
114049 2001
114021 1997
113789 1964
113631 1942
113501 1924
113289 1895
113200 1883
113035 1861
112967 1852
112891 1842
112830 1834
112761 1825
112645 1810
112583 1802
112473 1788
112370 1775
112178 1751
112089 1740
111925 1720
111760 1700
111684 1691
111540 1674
111472 1666
111369 1654
111238 1639
111115 1625
111053 1618
110792 1589
110737 1583
110524 1560
110373 1544
110297 1536
110201 1526
110084 1514
109946 1500
109857 1491
109706 1476
109479 1454
109417 1448
109375 1444
109238 1431
109141 1422
109011 1410
108956 1405
108845 1395
108721 1384
108653 1378
108481 1363
108446 1360
108281 1346
108233 1342
108088 1330
107978 1321
107840 1310
107764 1304
107675 1297
107571 1289
107413 1277
107358 1273
106972 1245
106903 1240
106889 1239
106758 1230
106641 1222
106413 1207
106289 1199
106241 1196
106096 1187
105999 1181
105916 1176
105765 1167
105696 1163
105537 1154
105447 1149
105337 1143
105206 1136
105012 1126
104992 1125
104640 1108
104557 1104
104536 1103
104425 1098
104218 1089
104101 1084
103928 1077
103852 1074
103721 1069
103611 1065
103445 1059
103327 1055
103238 1052
103113 1048
103017 1045
102706 1036
102554 1032
102436 1029
102395 1028
102353 1027
102222 1024
102132 1022
102084 1021
101939 1018
101718 1014
101662 1013
101538 1011
101407 1009
101255 1007
101089 1005
100992 1004
100888 1003
100764 1002
100626 1001
100439 1000
99561 1000
99375 1001
99230 1002
99112 1003
99008 1004
98912 1005
98746 1007
98594 1009
98525 1010
98462 1011
98338 1013
98221 1015
98165 1016
98062 1018
98013 1019
97916 1021
97820 1023
97688 1026
97564 1029
97523 1030
97405 1033
97295 1036
97260 1037
97156 1040
97018 1044
96984 1045
96887 1048
96701 1054
96583 1058
96555 1059
96334 1067
96279 1069
96252 1070
96148 1074
95996 1080
95899 1084
95803 1088
95665 1094
95485 1102
95292 1111
95250 1113
95167 1117
94967 1127
94871 1132
94719 1140
94608 1146
94498 1152
94374 1159
94339 1161
94201 1169
94167 1171
94049 1178
93967 1183
93918 1186
93774 1195
93663 1202
93601 1206
93449 1216
93374 1221
93270 1228
93139 1237
93111 1239
92656 1272
92546 1280
92415 1290
92402 1291
92222 1305
92147 1311
91899 1331
91850 1335
91754 1343
91671 1350
91589 1357
91472 1367
91437 1370
91368 1376
91334 1379
91210 1390
91120 1398
90955 1413
90804 1427
90687 1438
90666 1440
90480 1458
90253 1480
90212 1484
90102 1495
89944 1511
89779 1528
89731 1533
89607 1546
89428 1565
89318 1577
89126 1598
88982 1614
88796 1635
88700 1646
88570 1661
88501 1669
88357 1686
88206 1704
88041 1724
87918 1739
87829 1750
87589 1780
87369 1808
87184 1832
87047 1850
86896 1870
86814 1881
86725 1893
86629 1906
86520 1921
86390 1939
86239 1960
86027 1990
86006 1993
85917 2006
85746 2031
85534 2062
85329 2092
85124 2123
84960 2148
84837 2167
84728 2184
84626 2200
84537 2214
84455 2227
84305 2251
84168 2273
83984 2303
83766 2339
83718 2347
83527 2379
83309 2416
83112 2450
83037 2463
82928 2482
82690 2524
82533 2552
82411 2574
82295 2595
82207 2611
82125 2626
81989 2651
81860 2675
81663 2712
81589 2726
81473 2748
81269 2787
81181 2804
81032 2833
80991 2841
80808 2877
80652 2908
80442 2950
80225 2994
80171 3005
80049 3030
79846 3072
79731 3096
79650 3113
79555 3133
79413 3163
79217 3205
79082 3234
78866 3281
78697 3318
78508 3360
78333 3399
78151 3440
78036 3466
77861 3506
77679 3548
77511 3587
77464 3598
77336 3628
77255 3647
76986 3711
76919 3727
76724 3774
76617 3800
76469 3836
76355 3864
76254 3889
76093 3929
75912 3974
75892 3979
75785 4006
75698 4028
75631 4045
75517 4074
75376 4110
75256 4141
75202 4155
74948 4221
74841 4249
74701 4286
74614 4309
74460 4350
74400 4366
74173 4427
74033 4465
73813 4525
73693 4558
73480 4617
73340 4656
73187 4699
73028 4744
72848 4795
72715 4833
72569 4875
72290 4956
72078 5018
71932 5061
71740 5118
71700 5130
71541 5178
71402 5220
71316 5246
71111 5308
70959 5354
70768 5413
70629 5456
70398 5528
70220 5584
70062 5634
69930 5676
69858 5699
69680 5756
69522 5807
69371 5856
69233 5901
69108 5942
68944 5996
68793 6046
68616 6105
68354 6193
68230 6235
68112 6275
67942 6333
67837 6369
67628 6441
67602 6450
67504 6484
67269 6566
67067 6637
66917 6690
66813 6727
66676 6776
66364 6888
66234 6935
66091 6987
66039 7006
65799 7094
65650 7149
65585 7173
65287 7284
65093 7357
65048 7374
64874 7440
64803 7467
64719 7499
64622 7536
64499 7583
64447 7603
64260 7675
64144 7720
63893 7818
63758 7871
63578 7942
63520 7965
63276 8062
63231 8080
62975 8183
62866 8227
62674 8305
62475 8386
62181 8507
61964 8597
61830 8653
61677 8717
61639 8733
61499 8792
61416 8827
61225 8908
61047 8984
60863 9063
60717 9126
60590 9181
60514 9214
60381 9272
60153 9372
60071 9408
59976 9450
59818 9520
59755 9548
59654 9593
59515 9655
59326 9740
59244 9777
59118 9834
58986 9894
58791 9983
58634 10055
58452 10139
58245 10235
58007 10346
57807 10440
57682 10499
57507 10582
57295 10683
57220 10719
57058 10797
56778 10932
56542 11047
56393 11120
56275 11178
56145 11242
56052 11288
55891 11368
55545 11541
55323 11653
55224 11703
54953 11841
54867 11885
54787 11926
54750 11945
54492 12078
54357 12148
54167 12247
54020 12324
53959 12356
53739 12472
53635 12527
53586 12553
53458 12621
53269 12722
53001 12866
52770 12991
52667 13047
52588 13090
52491 13143
52303 13246
52073 13373
51934 13450
51916 13460
51783 13534
51572 13652
51355 13774
51235 13842
51103 13917
51031 13958
50737 14126
50629 14188
50509 14257
50353 14347
50126 14479
50114 14486
49935 14591
49792 14675
49661 14752
49477 14861
49376 14921
49245 14999
49168 15045
49008 15141
48925 15191
48706 15323
48517 15438
48476 15463
48358 15535
48340 15546
48175 15647
47922 15803
47875 15832
47693 15945
47605 16000
47359 16154
47289 16198
47178 16268
47026 16364
46909 16438
46705 16568
46513 16691
46356 16792
46263 16852
46118 16946
45921 17074
45817 17142
45736 17195
45707 17214
45476 17366
45355 17446
45263 17507
45165 17572
45027 17664
44912 17741
44803 17814
44757 17845
44671 17903
44545 17988
44465 18042
44259 18182
43974 18377
43843 18467
43769 18518
43604 18632
43394 18778
43275 18861
43111 18976
42772 19215
42755 19227
42631 19315
42316 19540
42142 19665
41806 19908
41644 20026
41577 20075
41382 20218
41265 20304
41154 20386
41054 20460
40915 20563
40666 20749
40522 20857
40445 20915
40384 20961
40191 21107
40059 21207
39971 21274
39916 21316
39724 21463
39620 21543
39472 21657
39330 21767
39150 21907
39041 21992
38894 22107
38715 22248
38487 22428
38330 22553
38222 22639
38087 22747
37920 22881
37764 23007
37700 23059
37609 23133
37534 23194
37475 23242
37373 23325
37287 23395
37148 23509
37052 23588
36892 23720
36828 23773
36711 23870
36573 23985
36451 24087
36271 24238
36086 24394
35928 24528
35807 24631
35691 24730
35602 24806
35497 24896
35303 25063
35162 25185
35094 25244
34995 25330
34870 25439
34766 25530
34636 25644
34382 25868
34320 25923
34103 26116
34000 26208
33933 26268
33825 26365
33676 26499
33507 26652
33333 26810
33241 26894
33027 27090
32900 27207
32849 27254
32783 27315
32636 27451
32550 27531
32444 27630
32353 27715
32242 27819
32111 27942
31890 28151
31790 28246
31595 28432
31505 28518
31435 28585
31410 28609
31191 28820
31062 28945
30953 29051
30869 29133
30691 29307
30632 29365
30504 29491
30366 29627
30253 29739
30057 29934
29930 30061
29735 30257
29628 30365
29555 30439
29424 30572
29303 30695
29129 30873
29047 30957
28917 31091
28797 31215
28768 31245
28586 31434
28538 31484
28409 31619
28285 31749
28185 31854
27995 32055
27962 32090
27834 32226
27730 32337
27645 32428
27546 32534
27532 32549
27466 32620
27325 32772
27264 32838
27147 32965
27091 33026
26946 33184
26904 33230
26769 33378
26690 33465
26574 33593
26537 33634
26338 33855
26269 33932
26149 34066
26034 34195
25924 34319
25846 34407
25718 34552
25622 34661
25440 34869
25399 34916
25290 35041
25127 35229
24969 35412
24717 35706
24596 35848
24511 35948
24444 36027
24270 36233
24150 36376
24088 36450
23986 36572
23871 36710
23774 36827
23668 36955
23602 37035
23444 37227
23269 37441
23173 37559
22973 37806
22882 37919
22726 38113
22575 38302
22429 38486
22326 38616
22206 38768
22078 38931
21963 39078
21878 39187
21658 39471
21624 39515
21527 39641
21447 39745
21300 39937
21258 39992
21166 40113
21116 40179
20970 40372
20866 40510
20725 40698
20663 40781
20572 40903
20469 41042
20358 41192
20276 41303
20190 41420
20092 41554
19986 41699
19978 41710
19909 41805
19848 41889
19686 42113
19581 42259
19412 42495
19392 42523
19360 42568
19184 42816
19128 42895
19116 42912
18945 43155
18838 43308
18755 43427
18680 43535
18621 43620
18558 43711
18405 43933
18210 44218
18167 44281
18101 44378
18004 44521
17919 44647
17861 44733
17757 44888
17634 45072
17588 45141
17481 45302
17397 45429
17283 45602
17226 45689
17120 45851
17052 45955
17003 46030
16909 46175
16834 46291
16774 46384
16673 46541
16591 46669
16461 46873
16350 47048
16324 47089
16276 47165
16206 47276
16184 47311
16030 47557
15975 47645
15891 47780
15800 47927
15713 48068
15644 48180
15579 48286
15399 48581
15270 48794
15195 48918
15106 49066
14996 49250
14950 49327
14890 49428
14756 49654
14679 49785
14595 49928
14494 50101
14365 50322
14358 50334
14268 50490
14230 50556
14106 50772
13986 50982
13904 51126
13829 51258
13778 51348
13751 51396
13629 51613
13538 51776
13464 51909
13444 51945
13367 52084
13300 52205
13240 52314
13137 52502
13084 52599
13041 52678
12985 52781
12860 53012
12716 53280
12612 53475
12492 53701
12376 53921
12302 54062
12270 54123
12222 54215
12171 54313
12104 54442
12031 54583
11955 54731
11895 54848
11763 55106
11663 55303
11610 55408
11554 55519
11350 55927
11301 56026
11209 56212
11087 56460
10987 56665
10972 56696
10876 56895
10783 57088
10705 57250
10654 57356
10630 57406
10544 57587
10473 57737
10417 57856
10370 57956
10326 58050
10256 58200
10096 58545
10044 58658
9972 58815
9926 58916
9786 59224
9664 59495
9585 59672
9540 59773
9484 59899
9442 59994
9389 60114
9314 60285
9231 60475
9132 60703
9069 60849
9009 60989
8941 61148
8895 61256
8841 61383
8814 61447
8771 61549
8688 61746
8640 61861
8563 62046
8534 62116
8460 62295
8439 62346
8342 62583
8199 62935
8168 63012
8119 63134
8019 63384
7996 63442
7912 63654
7864 63776
7748 64072
7658 64304
7586 64491
7581 64504
7534 64627
7497 64724
7465 64808
7438 64879
7372 65053
7299 65247
7253 65370
7224 65448
7188 65545
7128 65707
7104 65772
7054 65908
6978 66116
6926 66259
6879 66389
6753 66740
6672 66968
6649 67033
6587 67209
6539 67346
6498 67464
6464 67562
6403 67738
6394 67764
6320 67980
6291 68065
6211 68301
6189 68366
6101 68628
6042 68805
5992 68956
5938 69120
5818 69488
5767 69646
5748 69705
5731 69758
5691 69883
5647 70021
5601 70166
5545 70344
5514 70443
5479 70555
5442 70674
5391 70839
5314 71090
5278 71209
5200 71467
5158 71606
5152 71626
5079 71871
5036 72017
4962 72269
4910 72448
4883 72541
4862 72614
4803 72820
4801 72827
4750 73007
4718 73120
4703 73173
4690 73219
4662 73319
4636 73412
4597 73552
4562 73679
4529 73799
4498 73912
4478 73985
4449 74092
4395 74292
4377 74359
4329 74539
4304 74633
4281 74720
4267 74773
4246 74853
4190 75067
4150 75221
4100 75415
4076 75509
4047 75623
4008 75777
3981 75884
3976 75904
3896 76226
3861 76367
3815 76555
3797 76629
3758 76790
3700 77032
3676 77133
3641 77281
3622 77362
3592 77490
3567 77597
3542 77705
3491 77927
3477 77988
3454 78089
3419 78244
3350 78554
3296 78797
3246 79027
3230 79101
3211 79189
3182 79324
3169 79385
3109 79669
3092 79750
3061 79899
3008 80156
2953 80427
2892 80732
2856 80915
2824 81078
2799 81207
2782 81295
2743 81499
2725 81594
2702 81716
2693 81764
2679 81839
2655 81968
2640 82049
2610 82212
2573 82416
2540 82600
2517 82729
2505 82797
2474 82974
2455 83083
2442 83158
2400 83404
2385 83492
2362 83628
2337 83778
2310 83942
2281 84119
2249 84317
2225 84467
2197 84645
2181 84747
2144 84986
2119 85150
2085 85376
2081 85403
2045 85649
2020 85820
2001 85950
1997 85978
1964 86210
1942 86368
1924 86498
1895 86710
1883 86799
1861 86964
1852 87032
1842 87108
1834 87169
1825 87238
1810 87354
1802 87416
1788 87526
1775 87629
1751 87821
1740 87910
1720 88074
1700 88239
1691 88315
1674 88459
1666 88527
1654 88630
1639 88761
1625 88884
1618 88946
1589 89207
1583 89262
1560 89475
1544 89626
1536 89702
1526 89798
1514 89915
1500 90053
1491 90142
1476 90293
1454 90520
1448 90582
1444 90624
1431 90761
1422 90858
1410 90988
1405 91043
1395 91154
1384 91278
1378 91346
1363 91518
1360 91553
1346 91718
1342 91766
1330 91911
1321 92021
1310 92159
1304 92235
1297 92324
1289 92428
1277 92586
1273 92641
1245 93027
1240 93096
1239 93110
1230 93241
1222 93358
1207 93586
1199 93710
1196 93758
1187 93903
1181 94000
1176 94083
1167 94234
1163 94303
1154 94462
1149 94552
1143 94662
1136 94793
1126 94987
1125 95007
1108 95359
1104 95442
1103 95463
1098 95574
1089 95781
1084 95898
1077 96071
1074 96147
1069 96278
1065 96388
1059 96554
1055 96672
1052 96761
1048 96886
1045 96982
1036 97293
1032 97445
1029 97563
1028 97604
1027 97646
1024 97777
1022 97867
1021 97915
1018 98060
1014 98281
1013 98337
1011 98461
1009 98592
1007 98744
1005 98910
1004 99007
1003 99111
1002 99235
1001 99373
1000 99560
